1.00000  0.00031  -0.00050  0.00031
-0.28  0.35  0.28
0.56669  0.00049  -0.82393  0.00010
-0.28  0.35  0.28
-0.23479  0.05646  -0.97029  -0.01500
-0.27  0.35  0.30
-0.74281  0.03581  -0.66765  -0.03470
-0.26  0.35  0.28
-0.99112  0.08720  -0.09511  0.03202
-0.25  0.31  0.26
0.81814  0.00004  -0.57502  0.00019
-0.28  0.35  0.28
0.35353  0.00048  -0.93542  -0.00025
-0.28  0.35  0.28
-0.90210  0.02689  -0.42639  -0.06070
-0.26  0.35  0.26
0.96244  0.08297  -0.20954  0.15139
-0.28  0.35  0.27
0.52224  0.05705  -0.85003  0.03812
-0.32  0.34  0.30
-0.03247  0.09661  -0.99479  -0.00312
-0.28  0.35  0.33
-0.41944  0.12656  -0.89679  -0.06190
-0.23  0.34  0.32
-0.86304  0.06531  -0.48615  -0.12065
-0.22  0.34  0.24
-0.97227  0.02239  -0.17160  -0.15732
-0.25  0.33  0.20
0.87562  0.02062  -0.48128  0.03518
-0.30  0.35  0.27
0.51239  0.04253  -0.85754  0.01657
-0.30  0.35  0.29
-0.51222  0.07042  -0.85423  -0.05441
-0.24  0.35  0.30
-0.72548  0.11895  -0.66775  -0.11681
-0.21  0.34  0.28
-0.94930  0.05010  -0.29775  -0.08760
-0.25  0.32  0.22
-0.98234  0.02280  -0.05661  -0.17687
-0.26  0.33  0.19
-0.09358  0.09944  -0.94559  -0.29534
-0.14  0.30  0.31
