0.70708  -0.00012  0.00022  0.70714
-0.28  0.35  0.28
0.32641  0.63925  -0.60572  0.34341
-0.30  0.35  0.29
-0.20456  0.70270  -0.64305  -0.22552
-0.27  0.35  0.30
-0.52370  0.45734  -0.40629  -0.59287
-0.24  0.35  0.27
0.60823  0.24722  -0.20487  0.72592
-0.31  0.35  0.25
0.30895  0.65297  -0.59291  0.35586
-0.30  0.35  0.29
-0.32272  0.67662  -0.55650  -0.35824
-0.25  0.35  0.31
-0.61059  0.29612  -0.21440  -0.70252
-0.24  0.35  0.26
-0.51941  -0.37253  0.32637  -0.69636
-0.33  0.34  0.23
0.24311  0.70200  -0.56306  0.36202
-0.34  0.34  0.31
0.00059  0.82381  -0.56424  0.05448
-0.30  0.33  0.36
-0.15775  0.82075  -0.51793  -0.18228
-0.25  0.33  0.38
-0.45063  0.55296  -0.30467  -0.63115
-0.17  0.33  0.28
-0.81576  0.28747  -0.10030  -0.49177
-0.30  0.23  0.03
0.47014  0.25718  -0.21823  0.81560
-0.34  0.32  0.17
0.41559  0.58672  -0.50440  0.47815
-0.32  0.35  0.29
-0.31175  0.66877  -0.56051  -0.37602
-0.24  0.35  0.30
-0.57801  0.33163  -0.27858  -0.69161
-0.25  0.35  0.25














